
CPU Naive cant run 334863 nodes.

CPU OPTIMIZED HISTOGRAM
1    80532
2    12164
3    4849
4    2484
5    1442
6    952
7    688
8    490
9    398
10    318
11    267
12    205
13    177
14    129
15    146
16    146
17    96
18    93
19    91
20    91
21    69
22    59
23    60
24    45
25    44
26    47
27    40
28    41
29    35
30    32
31    28
32    24
33    28
34    23
35    20
36    22
37    16
38    19
39    23
40    21
41    19
42    19
43    22
44    12
45    13
46    11
47    16
48    10
49    8
50    9
51    7
52    15
53    11
54    11
55    7
56    7
57    12
58    10
59    5
60    13
61    10
62    8
63    3
64    12
65    6
66    8
67    7
68    4
69    6
70    8
71    6
72    5
73    10
74    6
75    4
76    3
77    3
78    4
79    3
80    7
81    5
82    2
83    3
84    8
85    4
86    2
87    7
88    6
89    5
90    6
91    5
92    2
93    3
94    3
95    4
96    3
97    2
98    6
99    6
100    4
101    6
102    5
103    1
104    2
105    1
106    4
107    3
108    2
109    4
110    2
111    3
112    4
113    1
114    1
115    1
116    2
117    5
118    2
119    1
120    3
121    1
122    1
123    4
124    1
125    2
126    3
127    5
128    4
132    1
134    2
135    3
136    4
138    2
139    2
140    2
141    1
142    3
143    3
144    1
145    2
146    1
147    1
149    2
150    3
151    1
152    4
153    1
155    1
156    1
158    1
160    1
161    1
162    2
163    1
166    2
167    2
168    3
169    2
171    1
173    2
176    1
177    4
178    1
180    1
182    1
186    1
187    1
190    3
196    1
197    1
198    1
202    2
205    2
211    1
212    1
213    1
216    1
217    1
219    1
220    2
224    1
225    1
226    1
228    2
229    1
232    1
235    1
240    2
244    1
245    1
247    1
250    1
252    1
253    1
259    1
262    2
263    2
271    1
272    1
273    1
274    1
276    1
288    1
290    2
295    1
300    1
306    1
310    2
313    1
314    1
315    1
317    1
320    2
331    1
332    1
337    1
345    2
347    1
354    1
357    1
358    1
360    1
366    1
372    1
379    2
380    1
386    1
396    1
401    1
402    2
406    1
411    1
415    1
421    1
433    1
434    2
440    1
450    1
458    1
460    1
463    1
484    1
494    1
495    1
509    1
510    1
512    2
519    1
523    1
538    1
550    1
560    1
595    1
613    1
644    1
646    1
647    1
682    1
732    1
742    1
745    1
758    1
789    1
791    1
832    1
861    1
872    1
875    1
898    1
924    1
947    1
1077    1
1151    1
1167    1
1344    1
1444    1
1541    1
1684    1
1868    1
2116    1
2286    1
2479    1
2813    1
2817    1
3190    1
3283    1
3463    1
3864    1
4153    1
CPU Optimized Running Time on 334863 Nodes: 2081.794678 sec

GPU NAIVE & OPT_1 cant run 334863 nodes.

GPU OPT_2 HISTOGRAM
1    80532
2    12164
3    4849
4    2484
5    1442
6    952
7    688
8    490
9    398
10    318
11    267
12    205
13    177
14    129
15    146
16    146
17    96
18    93
19    91
20    91
21    69
22    59
23    60
24    45
25    44
26    47
27    40
28    41
29    35
30    32
31    28
32    24
33    28
34    23
35    20
36    22
37    16
38    19
39    23
40    21
41    19
42    19
43    22
44    12
45    13
46    11
47    16
48    10
49    8
50    9
51    7
52    15
53    11
54    11
55    7
56    7
57    12
58    10
59    5
60    13
61    10
62    8
63    3
64    12
65    6
66    8
67    7
68    4
69    6
70    8
71    6
72    5
73    10
74    6
75    4
76    3
77    3
78    4
79    3
80    7
81    5
82    2
83    3
84    8
85    4
86    2
87    7
88    6
89    5
90    6
91    5
92    2
93    3
94    3
95    4
96    3
97    2
98    6
99    6
100    4
101    6
102    5
103    1
104    2
105    1
106    4
107    3
108    2
109    4
110    2
111    3
112    4
113    1
114    1
115    1
116    2
117    5
118    2
119    1
120    3
121    1
122    1
123    4
124    1
125    2
126    3
127    5
128    4
132    1
134    2
135    3
136    4
138    2
139    2
140    2
141    1
142    3
143    3
144    1
145    2
146    1
147    1
149    2
150    3
151    1
152    4
153    1
155    1
156    1
158    1
160    1
161    1
162    2
163    1
166    2
167    2
168    3
169    2
171    1
173    2
176    1
177    4
178    1
180    1
182    1
186    1
187    1
190    3
196    1
197    1
198    1
202    2
205    2
211    1
212    1
213    1
216    1
217    1
219    1
220    2
224    1
225    1
226    1
228    2
229    1
232    1
235    1
240    2
244    1
245    1
247    1
250    1
252    1
253    1
259    1
262    2
263    2
271    1
272    1
273    1
274    1
276    1
288    1
290    2
295    1
300    1
306    1
310    2
313    1
314    1
315    1
317    1
320    2
331    1
332    1
337    1
345    2
347    1
354    1
357    1
358    1
360    1
366    1
372    1
379    2
380    1
386    1
396    1
401    1
402    2
406    1
411    1
415    1
421    1
433    1
434    2
440    1
450    1
458    1
460    1
463    1
484    1
494    1
495    1
509    1
510    1
512    2
519    1
523    1
538    1
550    1
560    1
595    1
613    1
644    1
646    1
647    1
682    1
732    1
742    1
745    1
758    1
789    1
791    1
832    1
861    1
872    1
875    1
898    1
924    1
947    1
1077    1
1151    1
1167    1
1344    1
1444    1
1541    1
1684    1
1868    1
2116    1
2286    1
2479    1
2813    1
2817    1
3190    1
3283    1
3463    1
3864    1
4153    1
******** OPT_2 Processed 334863 Node Graph In 348.93002 sec *******

GPU OPT_3 HISTOGRAM
1    80532
2    12164
3    4849
4    2484
5    1442
6    952
7    688
8    490
9    398
10    318
11    267
12    205
13    177
14    129
15    146
16    146
17    96
18    93
19    91
20    91
21    69
22    59
23    60
24    45
25    44
26    47
27    40
28    41
29    35
30    32
31    28
32    24
33    28
34    23
35    20
36    22
37    16
38    19
39    23
40    21
41    19
42    19
43    22
44    12
45    13
46    11
47    16
48    10
49    8
50    9
51    7
52    15
53    11
54    11
55    7
56    7
57    12
58    10
59    5
60    13
61    10
62    8
63    3
64    12
65    6
66    8
67    7
68    4
69    6
70    8
71    6
72    5
73    10
74    6
75    4
76    3
77    3
78    4
79    3
80    7
81    5
82    2
83    3
84    8
85    4
86    2
87    7
88    6
89    5
90    6
91    5
92    2
93    3
94    3
95    4
96    3
97    2
98    6
99    6
100    4
101    6
102    5
103    1
104    2
105    1
106    4
107    3
108    2
109    4
110    2
111    3
112    4
113    1
114    1
115    1
116    2
117    5
118    2
119    1
120    3
121    1
122    1
123    4
124    1
125    2
126    3
127    5
128    4
132    1
134    2
135    3
136    4
138    2
139    2
140    2
141    1
142    3
143    3
144    1
145    2
146    1
147    1
149    2
150    3
151    1
152    4
153    1
155    1
156    1
158    1
160    1
161    1
162    2
163    1
166    2
167    2
168    3
169    2
171    1
173    2
176    1
177    4
178    1
180    1
182    1
186    1
187    1
190    3
196    1
197    1
198    1
202    2
205    2
211    1
212    1
213    1
216    1
217    1
219    1
220    2
224    1
225    1
226    1
228    2
229    1
232    1
235    1
240    2
244    1
245    1
247    1
250    1
252    1
253    1
259    1
262    2
263    2
271    1
272    1
273    1
274    1
276    1
288    1
290    2
295    1
300    1
306    1
310    2
313    1
314    1
315    1
317    1
320    2
331    1
332    1
337    1
345    2
347    1
354    1
357    1
358    1
360    1
366    1
372    1
379    2
380    1
386    1
396    1
401    1
402    2
406    1
411    1
415    1
421    1
433    1
434    2
440    1
450    1
458    1
460    1
463    1
484    1
494    1
495    1
509    1
510    1
512    2
519    1
523    1
538    1
550    1
560    1
595    1
613    1
644    1
646    1
647    1
682    1
732    1
742    1
745    1
758    1
789    1
791    1
832    1
861    1
872    1
875    1
898    1
924    1
947    1
1077    1
1151    1
1167    1
1344    1
1444    1
1541    1
1684    1
1868    1
2116    1
2286    1
2479    1
2813    1
2817    1
3190    1
3283    1
3463    1
3864    1
4153    1
******** OPT_3 Processed 334863 Node Graph In 181.39365 sec *******

GPU OPT_4 HISTOGRAM
1    80532
2    12164
3    4849
4    2484
5    1442
6    952
7    688
8    490
9    398
10    318
11    267
12    205
13    177
14    129
15    146
16    146
17    96
18    93
19    91
20    91
21    69
22    59
23    60
24    45
25    44
26    47
27    40
28    41
29    35
30    32
31    28
32    24
33    28
34    23
35    20
36    22
37    16
38    19
39    23
40    21
41    19
42    19
43    22
44    12
45    13
46    11
47    16
48    10
49    8
50    9
51    7
52    15
53    11
54    11
55    7
56    7
57    12
58    10
59    5
60    13
61    10
62    8
63    3
64    12
65    6
66    8
67    7
68    4
69    6
70    8
71    6
72    5
73    10
74    6
75    4
76    3
77    3
78    4
79    3
80    7
81    5
82    2
83    3
84    8
85    4
86    2
87    7
88    6
89    5
90    6
91    5
92    2
93    3
94    3
95    4
96    3
97    2
98    6
99    6
100    4
101    6
102    5
103    1
104    2
105    1
106    4
107    3
108    2
109    4
110    2
111    3
112    4
113    1
114    1
115    1
116    2
117    5
118    2
119    1
120    3
121    1
122    1
123    4
124    1
125    2
126    3
127    5
128    4
132    1
134    2
135    3
136    4
138    2
139    2
140    2
141    1
142    3
143    3
144    1
145    2
146    1
147    1
149    2
150    3
151    1
152    4
153    1
155    1
156    1
158    1
160    1
161    1
162    2
163    1
166    2
167    2
168    3
169    2
171    1
173    2
176    1
177    4
178    1
180    1
182    1
186    1
187    1
190    3
196    1
197    1
198    1
202    2
205    2
211    1
212    1
213    1
216    1
217    1
219    1
220    2
224    1
225    1
226    1
228    2
229    1
232    1
235    1
240    2
244    1
245    1
247    1
250    1
252    1
253    1
259    1
262    2
263    2
271    1
272    1
273    1
274    1
276    1
288    1
290    2
295    1
300    1
306    1
310    2
313    1
314    1
315    1
317    1
320    2
331    1
332    1
337    1
345    2
347    1
354    1
357    1
358    1
360    1
366    1
372    1
379    2
380    1
386    1
396    1
401    1
402    2
406    1
411    1
415    1
421    1
433    1
434    2
440    1
450    1
458    1
460    1
463    1
484    1
494    1
495    1
509    1
510    1
512    2
519    1
523    1
538    1
550    1
560    1
595    1
613    1
644    1
646    1
647    1
682    1
732    1
742    1
745    1
758    1
789    1
791    1
832    1
861    1
872    1
875    1
898    1
924    1
947    1
1077    1
1151    1
1167    1
1344    1
1444    1
1541    1
1684    1
1868    1
2116    1
2286    1
2479    1
2813    1
2817    1
3190    1
3283    1
3463    1
3864    1
4153    1
******** OPT_4 Processed 334863 Node Graph In 52.67638 sec *******
