
CPU Naive cant run 154908 nodes.

CPU OPTIMIZED HISTOGRAM
1    12801
2    969
3    413
4    224
5    174
6    136
7    85
8    74
9    66
10    37
11    43
12    35
13    29
14    20
15    18
16    11
17    19
18    17
19    13
20    9
21    11
22    11
23    9
24    10
25    14
26    8
27    11
28    10
29    8
30    15
31    4
32    4
33    2
34    4
35    3
36    5
37    2
38    3
39    4
40    3
41    2
42    4
44    2
45    3
46    3
47    2
48    1
49    2
51    1
52    1
53    2
54    2
55    5
57    2
58    3
60    2
63    1
64    4
65    1
66    1
70    3
72    1
76    1
77    1
79    1
81    1
84    2
85    1
88    2
93    1
94    3
95    2
96    1
98    3
99    1
100    2
101    2
102    2
105    1
107    1
111    2
116    2
118    2
121    1
123    1
131    1
133    1
134    1
136    1
137    1
139    1
140    1
141    1
146    1
149    1
150    1
151    1
152    1
157    1
158    1
160    1
163    1
165    1
166    1
167    1
176    1
179    1
180    1
182    1
188    1
193    1
197    1
198    1
200    1
201    1
202    1
209    1
210    1
211    1
230    1
231    1
237    2
244    2
245    1
253    1
266    1
268    1
269    1
274    1
275    1
282    1
284    1
290    1
292    1
293    3
295    2
300    1
306    1
307    1
322    1
331    1
335    1
373    2
382    2
383    1
387    1
395    1
413    1
414    1
417    2
419    1
433    1
434    1
440    1
441    1
462    1
464    1
468    1
474    1
478    1
486    1
498    1
500    2
502    1
505    1
507    1
523    1
524    1
531    1
532    1
557    1
559    1
589    1
592    1
594    1
599    1
601    1
605    1
620    1
651    1
663    1
666    1
685    1
686    3
698    1
700    1
704    1
724    1
729    1
748    1
790    1
792    1
832    1
843    1
898    1
943    1
974    1
978    1
1068    1
1146    1
1159    1
1753    1
2087    1
2539    1
2913    1
4254    1
5273    1
7666    1
12045    1
12896    1
16934    1
CPU Optimized Running Time on 154908 Nodes: 313.906433 sec

GPU NAIVE & OPT_1 cant run 154908 nodes.

GPU OPT_2 HISTOGRAM
1    12801
2    969
3    413
4    224
5    174
6    136
7    85
8    74
9    66
10    37
11    43
12    35
13    29
14    20
15    18
16    11
17    19
18    17
19    13
20    9
21    11
22    11
23    9
24    10
25    14
26    8
27    11
28    10
29    8
30    15
31    4
32    4
33    2
34    4
35    3
36    5
37    2
38    3
39    4
40    3
41    2
42    4
44    2
45    3
46    3
47    2
48    1
49    2
51    1
52    1
53    2
54    2
55    5
57    2
58    3
60    2
63    1
64    4
65    1
66    1
70    3
72    1
76    1
77    1
79    1
81    1
84    2
85    1
88    2
93    1
94    3
95    2
96    1
98    3
99    1
100    2
101    2
102    2
105    1
107    1
111    2
116    2
118    2
121    1
123    1
131    1
133    1
134    1
136    1
137    1
139    1
140    1
141    1
146    1
149    1
150    1
151    1
152    1
157    1
158    1
160    1
163    1
165    1
166    1
167    1
176    1
179    1
180    1
182    1
188    1
193    1
197    1
198    1
200    1
201    1
202    1
209    1
210    1
211    1
230    1
231    1
237    2
244    2
245    1
253    1
266    1
268    1
269    1
274    1
275    1
282    1
284    1
290    1
292    1
293    3
295    2
300    1
306    1
307    1
322    1
331    1
335    1
373    2
382    2
383    1
387    1
395    1
413    1
414    1
417    2
419    1
433    1
434    1
440    1
441    1
462    1
464    1
468    1
474    1
478    1
486    1
498    1
500    2
502    1
505    1
507    1
523    1
524    1
531    1
532    1
557    1
559    1
589    1
592    1
594    1
599    1
601    1
605    1
620    1
651    1
663    1
666    1
685    1
686    3
698    1
700    1
704    1
724    1
729    1
748    1
790    1
792    1
832    1
843    1
898    1
943    1
974    1
978    1
1068    1
1146    1
1159    1
1753    1
2087    1
2539    1
2913    1
4254    1
5273    1
7666    1
12045    1
12896    1
16934    1
******** OPT_2 Processed 154908 Node Graph In 135.01741 sec *******

GPU OPT_3 HISTOGRAM
1    12801
2    969
3    413
4    224
5    174
6    136
7    85
8    74
9    66
10    37
11    43
12    35
13    29
14    20
15    18
16    11
17    19
18    17
19    13
20    9
21    11
22    11
23    9
24    10
25    14
26    8
27    11
28    10
29    8
30    15
31    4
32    4
33    2
34    4
35    3
36    5
37    2
38    3
39    4
40    3
41    2
42    4
44    2
45    3
46    3
47    2
48    1
49    2
51    1
52    1
53    2
54    2
55    5
57    2
58    3
60    2
63    1
64    4
65    1
66    1
70    3
72    1
76    1
77    1
79    1
81    1
84    2
85    1
88    2
93    1
94    3
95    2
96    1
98    3
99    1
100    2
101    2
102    2
105    1
107    1
111    2
116    2
118    2
121    1
123    1
131    1
133    1
134    1
136    1
137    1
139    1
140    1
141    1
146    1
149    1
150    1
151    1
152    1
157    1
158    1
160    1
163    1
165    1
166    1
167    1
176    1
179    1
180    1
182    1
188    1
193    1
197    1
198    1
200    1
201    1
202    1
209    1
210    1
211    1
230    1
231    1
237    2
244    2
245    1
253    1
266    1
268    1
269    1
274    1
275    1
282    1
284    1
290    1
292    1
293    3
295    2
300    1
306    1
307    1
322    1
331    1
335    1
373    2
382    2
383    1
387    1
395    1
413    1
414    1
417    2
419    1
433    1
434    1
440    1
441    1
462    1
464    1
468    1
474    1
478    1
486    1
498    1
500    2
502    1
505    1
507    1
523    1
524    1
531    1
532    1
557    1
559    1
589    1
592    1
594    1
599    1
601    1
605    1
620    1
651    1
663    1
666    1
685    1
686    3
698    1
700    1
704    1
724    1
729    1
748    1
790    1
792    1
832    1
843    1
898    1
943    1
974    1
978    1
1068    1
1146    1
1159    1
1753    1
2087    1
2539    1
2913    1
4254    1
5273    1
7666    1
12045    1
12896    1
16934    1
******** OPT_3 Processed 154908 Node Graph In 25.73445 sec *******

GPU OPT_4 HISTOGRAM
1    12801
2    969
3    413
4    224
5    174
6    136
7    85
8    74
9    66
10    37
11    43
12    35
13    29
14    20
15    18
16    11
17    19
18    17
19    13
20    9
21    11
22    11
23    9
24    10
25    14
26    8
27    11
28    10
29    8
30    15
31    4
32    4
33    2
34    4
35    3
36    5
37    2
38    3
39    4
40    3
41    2
42    4
44    2
45    3
46    3
47    2
48    1
49    2
51    1
52    1
53    2
54    2
55    5
57    2
58    3
60    2
63    1
64    4
65    1
66    1
70    3
72    1
76    1
77    1
79    1
81    1
84    2
85    1
88    2
93    1
94    3
95    2
96    1
98    3
99    1
100    2
101    2
102    2
105    1
107    1
111    2
116    2
118    2
121    1
123    1
131    1
133    1
134    1
136    1
137    1
139    1
140    1
141    1
146    1
149    1
150    1
151    1
152    1
157    1
158    1
160    1
163    1
165    1
166    1
167    1
176    1
179    1
180    1
182    1
188    1
193    1
197    1
198    1
200    1
201    1
202    1
209    1
210    1
211    1
230    1
231    1
237    2
244    2
245    1
253    1
266    1
268    1
269    1
274    1
275    1
282    1
284    1
290    1
292    1
293    3
295    2
300    1
306    1
307    1
322    1
331    1
335    1
373    2
382    2
383    1
387    1
395    1
413    1
414    1
417    2
419    1
433    1
434    1
440    1
441    1
462    1
464    1
468    1
474    1
478    1
486    1
498    1
500    2
502    1
505    1
507    1
523    1
524    1
531    1
532    1
557    1
559    1
589    1
592    1
594    1
599    1
601    1
605    1
620    1
651    1
663    1
666    1
685    1
686    3
698    1
700    1
704    1
724    1
729    1
748    1
790    1
792    1
832    1
843    1
898    1
943    1
974    1
978    1
1068    1
1146    1
1159    1
1753    1
2087    1
2539    1
2913    1
4254    1
5273    1
7666    1
12045    1
12896    1
16934    1
******** OPT_4 Processed 154908 Node Graph In 16.51798 sec *******
