
CPU Naive cant run 265214 nodes.

GPU NAIVE & OPT_1 cant run 265214 nodes.

GPU OPT_2 HISTOGRAM
1    18042
2    1751
3    552
4    257
5    164
6    80
7    72
8    55
9    24
10    46
11    18
12    19
13    20
14    10
15    11
16    12
17    2
18    12
19    10
20    7
21    6
22    5
23    4
24    3
25    5
26    3
27    5
28    3
30    2
31    1
32    5
34    2
35    2
36    4
37    2
38    2
39    3
40    3
41    2
42    2
43    2
44    1
45    2
46    4
47    2
48    2
49    1
50    1
52    2
53    2
55    2
56    1
58    1
59    4
60    2
62    1
63    1
65    1
66    1
68    1
69    1
70    2
72    1
74    1
75    2
76    1
77    4
78    1
80    3
81    4
82    1
83    2
84    3
85    1
86    4
88    4
89    4
91    3
93    2
94    1
95    4
97    2
98    3
99    1
101    4
102    3
104    2
107    2
108    1
109    2
110    1
112    2
113    2
114    6
115    1
116    1
117    2
118    2
120    3
121    1
123    1
124    1
125    2
126    3
127    5
128    1
129    2
130    5
131    3
132    2
133    4
136    3
138    3
139    1
140    3
141    2
142    2
143    1
144    2
145    2
146    2
147    3
150    2
151    2
152    1
153    2
154    1
156    2
157    1
158    1
159    3
161    2
162    2
164    1
165    2
166    2
167    1
168    2
169    2
170    3
171    5
172    1
173    2
175    1
177    4
178    2
179    1
180    2
181    3
182    3
183    1
184    2
185    1
186    1
187    1
189    3
191    3
192    2
193    2
194    1
195    1
196    3
199    3
200    2
201    2
202    2
203    2
204    3
205    1
206    1
208    2
209    3
210    1
211    1
212    1
213    1
214    1
215    2
216    2
217    1
218    1
220    1
221    2
222    1
223    2
224    1
225    1
226    1
227    2
228    2
230    2
231    1
234    3
235    2
236    3
238    4
240    1
242    1
243    2
244    3
246    2
247    3
249    1
251    1
252    1
253    1
254    2
255    1
256    3
258    2
259    2
261    3
262    2
266    2
267    1
269    2
270    1
271    1
272    2
273    1
276    4
278    1
279    2
281    2
283    1
285    2
286    2
288    1
293    1
295    1
297    1
298    1
300    1
302    2
303    2
304    1
305    2
306    1
307    2
308    1
311    1
313    1
317    2
318    2
319    1
320    1
322    4
324    1
327    1
329    1
331    1
333    1
334    3
337    1
338    2
339    1
340    1
342    1
349    2
354    1
356    3
358    1
375    1
376    1
379    1
382    1
384    1
385    1
387    2
392    1
395    1
397    1
399    1
401    1
402    1
406    1
408    1
410    1
411    1
413    1
417    1
425    1
429    2
430    1
436    1
438    1
440    1
446    1
447    1
449    2
453    1
464    2
465    1
467    1
476    1
483    1
485    2
487    1
490    1
493    1
494    1
496    1
497    1
499    1
506    1
507    1
511    2
524    1
533    1
534    1
541    1
544    1
545    1
549    2
551    1
553    1
568    1
574    1
575    1
583    2
584    1
590    1
596    1
597    1
601    1
602    1
608    1
610    1
611    1
617    1
627    1
631    1
635    1
638    1
639    1
640    1
643    1
655    1
659    1
669    1
670    1
676    1
689    1
704    2
709    1
729    1
732    1
740    1
754    1
757    2
765    1
771    1
785    1
811    1
837    1
838    1
846    1
855    1
881    1
902    1
903    1
908    1
926    1
947    1
949    1
952    1
954    2
959    2
996    1
998    1
1028    1
1121    1
1132    1
1151    1
1278    1
1286    1
1371    2
1406    1
1426    1
1428    1
1556    1
1568    1
1755    1
1849    1
2430    1
2657    1
3030    1
3309    1
3762    1
4160    1
5648    1
6002    1
7634    1
29009    1
******** OPT_2 Processed 265214 Node Graph In 2254.46826 sec *******
