
CPU Naive cant run 36682 nodes.

CPU OPTIMIZED HISTOGRAM
1    3277
2    238
3    122
4    70
5    42
6    24
7    28
8    16
9    22
10    18
11    10
12    11
13    9
14    8
15    8
16    8
17    11
18    13
19    8
20    12
21    8
22    2
23    7
24    9
25    9
26    8
27    5
28    1
30    1
31    2
32    1
33    1
34    1
36    2
37    2
38    2
39    2
41    3
43    1
45    2
46    2
47    2
49    1
50    1
51    1
52    2
54    1
55    1
57    3
59    1
62    1
64    1
65    1
66    1
67    1
68    1
71    2
72    1
74    1
75    4
77    1
79    1
81    2
82    1
87    2
88    1
89    2
90    3
94    1
96    1
101    1
109    1
110    1
111    1
112    1
116    1
117    1
121    1
124    1
127    1
129    1
141    2
149    1
152    1
168    1
172    1
175    1
192    1
195    1
206    1
208    1
229    1
245    1
268    1
272    1
276    1
280    1
291    1
305    1
323    1
380    1
385    1
405    1
408    1
520    1
534    1
585    1
641    1
718    1
720    1
776    1
811    1
933    1
1098    1
1326    1
1850    1
2901    1
4048    1
CPU Optimized Running Time on 36682 Nodes: 21.310993 sec

GPU NAIVE & OPT_1 cant run 36682 nodes.

GPU OPT_2 HISTOGRAM
1    3277
2    238
3    122
4    70
5    42
6    24
7    28
8    16
9    22
10    18
11    10
12    11
13    9
14    8
15    8
16    8
17    11
18    13
19    8
20    12
21    8
22    2
23    7
24    9
25    9
26    8
27    5
28    1
30    1
31    2
32    1
33    1
34    1
36    2
37    2
38    2
39    2
41    3
43    1
45    2
46    2
47    2
49    1
50    1
51    1
52    2
54    1
55    1
57    3
59    1
62    1
64    1
65    1
66    1
67    1
68    1
71    2
72    1
74    1
75    4
77    1
79    1
81    2
82    1
87    2
88    1
89    2
90    3
94    1
96    1
101    1
109    1
110    1
111    1
112    1
116    1
117    1
121    1
124    1
127    1
129    1
141    2
149    1
152    1
168    1
172    1
175    1
192    1
195    1
206    1
208    1
229    1
245    1
268    1
272    1
276    1
280    1
291    1
305    1
323    1
380    1
385    1
405    1
408    1
520    1
534    1
585    1
641    1
718    1
720    1
776    1
811    1
933    1
1098    1
1326    1
1850    1
2901    1
4048    1
******** OPT_2 Processed 36682 Node Graph In 4.44424 sec *******

GPU OPT_3 HISTOGRAM
1    3295
2    238
3    122
4    70
5    42
6    24
7    28
8    16
9    22
10    18
11    10
12    11
13    9
14    8
15    8
16    8
17    11
18    12
19    8
20    12
21    8
22    2
23    7
24    9
25    9
26    8
27    5
28    1
30    1
31    2
32    1
33    1
34    1
36    2
37    2
38    2
39    2
41    3
43    1
45    2
46    2
47    2
49    1
50    1
51    1
52    2
54    1
55    1
57    3
59    1
62    1
64    1
65    1
66    1
67    1
68    1
71    2
72    1
74    1
75    4
77    1
79    1
81    2
82    1
87    2
88    1
89    2
90    3
94    1
96    1
101    1
109    1
110    1
111    1
112    1
116    1
117    1
121    1
124    1
127    1
129    1
141    2
149    1
152    1
168    1
172    1
175    1
192    1
195    1
206    1
208    1
229    1
245    1
268    1
272    1
276    1
280    1
291    1
305    1
323    1
380    1
385    1
405    1
408    1
520    1
534    1
585    1
641    1
718    1
720    1
776    1
811    1
933    1
1098    1
1326    1
1850    1
2901    1
4048    1
******** OPT_3 Processed 36682 Node Graph In 1.75135 sec *******

GPU OPT_4 HISTOGRAM
1    3277
2    238
3    122
4    70
5    42
6    24
7    28
8    16
9    22
10    18
11    10
12    11
13    9
14    8
15    8
16    8
17    11
18    13
19    8
20    12
21    8
22    2
23    7
24    9
25    9
26    8
27    5
28    1
30    1
31    2
32    1
33    1
34    1
36    2
37    2
38    2
39    2
41    3
43    1
45    2
46    2
47    2
49    1
50    1
51    1
52    2
54    1
55    1
57    3
59    1
62    1
64    1
65    1
66    1
67    1
68    1
71    2
72    1
74    1
75    4
77    1
79    1
81    2
82    1
87    2
88    1
89    2
90    3
94    1
96    1
101    1
109    1
110    1
111    1
112    1
116    1
117    1
121    1
124    1
127    1
129    1
141    2
149    1
152    1
168    1
172    1
175    1
192    1
195    1
206    1
208    1
229    1
245    1
268    1
272    1
276    1
280    1
291    1
305    1
323    1
380    1
385    1
405    1
408    1
520    1
534    1
585    1
641    1
718    1
720    1
776    1
811    1
933    1
1098    1
1326    1
1850    1
2901    1
4048    1
******** OPT_4 Processed 36682 Node Graph In 0.80394 sec *******
