
CPU Naive cant run 77360 nodes.

CPU OPTIMIZED HISTOGRAM
1    30516
2    1459
3    589
4    323
5    193
6    138
7    100
8    72
9    61
10    51
11    25
12    25
13    25
14    14
15    12
16    8
17    10
18    8
19    6
20    5
21    4
22    3
23    9
24    2
25    6
26    2
27    3
28    6
29    1
30    5
31    1
32    3
33    4
34    4
35    3
36    1
37    2
38    3
39    3
41    4
42    4
43    5
44    4
45    1
46    2
47    1
48    1
49    1
50    3
51    3
52    4
53    2
54    3
55    2
56    2
57    4
58    4
59    5
60    1
61    2
62    6
63    1
64    5
65    3
66    1
67    2
68    3
69    1
70    4
71    1
72    4
73    1
74    2
75    2
76    3
77    1
78    2
79    2
80    1
82    1
83    2
84    2
85    3
86    2
87    2
88    1
89    2
90    2
91    3
93    1
95    1
96    2
97    1
98    1
99    2
101    2
102    1
103    4
104    2
105    3
106    3
107    4
109    1
110    1
111    1
113    1
116    1
117    1
119    2
123    2
124    2
125    2
130    1
131    1
132    1
133    1
134    1
143    2
144    2
145    1
150    1
160    2
161    2
162    1
163    1
164    1
165    2
167    2
170    1
172    1
173    1
177    1
183    1
184    1
187    1
193    1
200    1
211    1
214    1
218    1
219    1
221    2
223    1
224    1
229    1
232    1
243    1
246    2
247    1
249    1
252    1
267    1
276    1
281    2
290    1
294    1
309    1
322    1
344    1
350    1
373    1
431    2
433    1
434    1
492    1
509    1
532    1
612    1
640    1
792    1
953    1
1087    1
1314    1
CPU Optimized Running Time on 77360 Nodes: 170.140335 sec

GPU NAIVE & OPT_1 cant run 77360 nodes.

GPU OPT_2 HISTOGRAM
1    30516
2    1459
3    589
4    323
5    193
6    138
7    100
8    72
9    61
10    51
11    25
12    25
13    25
14    14
15    12
16    8
17    10
18    8
19    6
20    5
21    4
22    3
23    9
24    2
25    6
26    2
27    3
28    6
29    1
30    5
31    1
32    3
33    4
34    4
35    3
36    1
37    2
38    3
39    3
41    4
42    4
43    5
44    4
45    1
46    2
47    1
48    1
49    1
50    3
51    3
52    4
53    2
54    3
55    2
56    2
57    4
58    4
59    5
60    1
61    2
62    6
63    1
64    5
65    3
66    1
67    2
68    3
69    1
70    4
71    1
72    4
73    1
74    2
75    2
76    3
77    1
78    2
79    2
80    1
82    1
83    2
84    2
85    3
86    2
87    2
88    1
89    2
90    2
91    3
93    1
95    1
96    2
97    1
98    1
99    2
101    2
102    1
103    4
104    2
105    3
106    3
107    4
109    1
110    1
111    1
113    1
116    1
117    1
119    2
123    2
124    2
125    2
130    1
131    1
132    1
133    1
134    1
143    2
144    2
145    1
150    1
160    2
161    2
162    1
163    1
164    1
165    2
167    2
170    1
172    1
173    1
177    1
183    1
184    1
187    1
193    1
200    1
211    1
214    1
218    1
219    1
221    2
223    1
224    1
229    1
232    1
243    1
246    2
247    1
249    1
252    1
267    1
276    1
281    2
290    1
294    1
309    1
322    1
344    1
350    1
373    1
431    2
433    1
434    1
492    1
509    1
532    1
612    1
640    1
792    1
953    1
1087    1
1314    1
******** OPT_2 Processed 77360 Node Graph In 72.30774 sec *******

GPU OPT_3 HISTOGRAM
1    30516
2    1459
3    589
4    323
5    193
6    138
7    100
8    72
9    61
10    51
11    25
12    25
13    25
14    14
15    12
16    8
17    10
18    8
19    6
20    5
21    4
22    3
23    9
24    2
25    6
26    2
27    3
28    6
29    1
30    5
31    1
32    3
33    4
34    4
35    3
36    1
37    2
38    3
39    3
41    4
42    4
43    5
44    4
45    1
46    2
47    1
48    1
49    1
50    3
51    3
52    4
53    2
54    3
55    2
56    2
57    4
58    4
59    5
60    1
61    2
62    6
63    1
64    5
65    3
66    1
67    2
68    3
69    1
70    4
71    1
72    4
73    1
74    2
75    2
76    3
77    1
78    2
79    2
80    1
82    1
83    2
84    2
85    3
86    2
87    2
88    1
89    2
90    2
91    3
93    1
95    1
96    2
97    1
98    1
99    2
101    2
102    1
103    4
104    2
105    3
106    3
107    4
109    1
110    1
111    1
113    1
116    1
117    1
119    2
123    2
124    2
125    2
130    1
131    1
132    1
133    1
134    1
143    2
144    2
145    1
150    1
160    2
161    2
162    1
163    1
164    1
165    2
167    2
170    1
172    1
173    1
177    1
183    1
184    1
187    1
193    1
200    1
211    1
214    1
218    1
219    1
221    2
223    1
224    1
229    1
232    1
243    1
246    2
247    1
249    1
252    1
267    1
276    1
281    2
290    1
294    1
309    1
322    1
344    1
350    1
373    1
431    2
433    1
434    1
492    1
509    1
532    1
612    1
640    1
792    1
953    1
1087    1
1314    1
******** OPT_3 Processed 77360 Node Graph In 58.83414 sec *******

GPU OPT_4 HISTOGRAM
1    30516
2    1459
3    589
4    323
5    193
6    138
7    100
8    72
9    61
10    51
11    25
12    25
13    25
14    14
15    12
16    8
17    10
18    8
19    6
20    5
21    4
22    3
23    9
24    2
25    6
26    2
27    3
28    6
29    1
30    5
31    1
32    3
33    4
34    4
35    3
36    1
37    2
38    3
39    3
41    4
42    4
43    5
44    4
45    1
46    2
47    1
48    1
49    1
50    3
51    3
52    4
53    2
54    3
55    2
56    2
57    4
58    4
59    5
60    1
61    2
62    6
63    1
64    5
65    3
66    1
67    2
68    3
69    1
70    4
71    1
72    4
73    1
74    2
75    2
76    3
77    1
78    2
79    2
80    1
82    1
83    2
84    2
85    3
86    2
87    2
88    1
89    2
90    2
91    3
93    1
95    1
96    2
97    1
98    1
99    2
101    2
102    1
103    4
104    2
105    3
106    3
107    4
109    1
110    1
111    1
113    1
116    1
117    1
119    2
123    2
124    2
125    2
130    1
131    1
132    1
133    1
134    1
143    2
144    2
145    1
150    1
160    2
161    2
162    1
163    1
164    1
165    2
167    2
170    1
172    1
173    1
177    1
183    1
184    1
187    1
193    1
200    1
211    1
214    1
218    1
219    1
221    2
223    1
224    1
229    1
232    1
243    1
246    2
247    1
249    1
252    1
267    1
276    1
281    2
290    1
294    1
309    1
322    1
344    1
350    1
373    1
431    2
433    1
434    1
492    1
509    1
532    1
612    1
640    1
792    1
953    1
1087    1
1314    1
******** OPT_4 Processed 77360 Node Graph In 54.34937 sec *******
