
CPU Naive cant run 75879 nodes.

CPU OPTIMIZED HISTOGRAM
1    25648
2    1158
3    384
4    191
5    131
6    82
7    53
8    42
9    36
10    25
11    16
12    18
13    19
14    13
15    12
16    14
17    13
18    9
19    9
20    7
21    8
22    5
23    5
24    8
25    6
26    3
27    5
28    9
29    6
30    4
31    4
32    7
33    6
34    4
35    1
36    5
37    4
38    9
39    2
40    3
41    5
42    7
43    5
44    4
45    4
46    5
47    3
48    4
49    3
50    2
51    1
52    7
53    4
54    3
55    4
56    2
57    1
58    1
59    3
60    2
61    1
62    1
63    3
64    5
65    1
66    1
67    3
69    2
70    1
71    3
73    4
76    1
77    1
78    2
79    1
80    2
81    1
82    1
83    1
84    2
85    2
86    3
88    1
89    1
90    2
92    4
93    1
94    1
97    1
98    1
101    1
102    1
104    3
108    1
110    1
111    3
112    3
113    2
114    1
116    1
120    2
121    1
122    2
125    2
128    1
129    3
130    1
132    1
133    1
134    1
138    1
139    1
140    2
143    1
144    1
147    1
148    1
150    1
155    2
157    1
159    3
160    1
162    1
167    1
169    2
181    1
185    1
188    1
189    1
190    1
195    1
197    1
213    1
217    1
238    1
239    1
240    1
245    1
247    1
261    1
265    2
268    1
274    1
276    1
280    1
290    1
299    1
354    1
359    1
373    1
381    1
385    1
399    1
454    1
507    1
533    1
539    1
582    1
609    1
723    1
730    1
949    1
967    1
1125    1
1227    1
1548    1
1759    1
1941    1
2283    1
CPU Optimized Running Time on 75879 Nodes: 139.827484 sec

GPU NAIVE & OPT_1 cant run 75879 nodes.

GPU OPT_2 HISTOGRAM
1    25648
2    1158
3    384
4    191
5    131
6    82
7    53
8    42
9    36
10    25
11    16
12    18
13    19
14    13
15    12
16    14
17    13
18    9
19    9
20    7
21    8
22    5
23    5
24    8
25    6
26    3
27    5
28    9
29    6
30    4
31    4
32    7
33    6
34    4
35    1
36    5
37    4
38    9
39    2
40    3
41    5
42    7
43    5
44    4
45    4
46    5
47    3
48    4
49    3
50    2
51    1
52    7
53    4
54    3
55    4
56    2
57    1
58    1
59    3
60    2
61    1
62    1
63    3
64    5
65    1
66    1
67    3
69    2
70    1
71    3
73    4
76    1
77    1
78    2
79    1
80    2
81    1
82    1
83    1
84    2
85    2
86    3
88    1
89    1
90    2
92    4
93    1
94    1
97    1
98    1
101    1
102    1
104    3
108    1
110    1
111    3
112    3
113    2
114    1
116    1
120    2
121    1
122    2
125    2
128    1
129    3
130    1
132    1
133    1
134    1
138    1
139    1
140    2
143    1
144    1
147    1
148    1
150    1
155    2
157    1
159    3
160    1
162    1
167    1
169    2
181    1
185    1
188    1
189    1
190    1
195    1
197    1
213    1
217    1
238    1
239    1
240    1
245    1
247    1
261    1
265    2
268    1
274    1
276    1
280    1
290    1
299    1
354    1
359    1
373    1
381    1
385    1
399    1
454    1
507    1
533    1
539    1
582    1
609    1
723    1
730    1
949    1
967    1
1125    1
1227    1
1548    1
1759    1
1941    1
2283    1
******** OPT_2 Processed 75879 Node Graph In 78.56293 sec *******

GPU OPT_3 HISTOGRAM
1    25650
2    1157
3    384
4    191
5    131
6    82
7    53
8    42
9    36
10    25
11    16
12    18
13    19
14    13
15    12
16    14
17    13
18    9
19    9
20    7
21    8
22    5
23    5
24    8
25    6
26    3
27    5
28    9
29    6
30    4
31    4
32    7
33    6
34    4
35    1
36    5
37    4
38    9
39    2
40    3
41    5
42    7
43    5
44    4
45    4
46    5
47    3
48    4
49    3
50    2
51    1
52    7
53    4
54    3
55    4
56    2
57    1
58    1
59    3
60    2
61    1
62    1
63    3
64    5
65    1
66    1
67    3
69    2
70    1
71    3
73    4
76    1
77    1
78    2
79    1
80    2
81    1
82    1
83    1
84    2
85    2
86    3
88    1
89    1
90    2
92    4
93    1
94    1
97    1
98    1
101    1
102    1
104    3
108    1
110    1
111    3
112    3
113    2
114    1
116    1
120    2
121    1
122    2
125    2
128    1
129    3
130    1
132    1
133    1
134    1
138    1
139    1
140    2
143    1
144    1
147    1
148    1
150    1
155    2
157    1
159    3
160    1
162    1
167    1
169    2
181    1
185    1
188    1
189    1
190    1
195    1
197    1
213    1
217    1
238    1
239    1
240    1
245    1
247    1
261    1
265    2
268    1
274    1
276    1
280    1
290    1
299    1
354    1
359    1
373    1
381    1
385    1
399    1
454    1
507    1
533    1
539    1
582    1
609    1
723    1
730    1
949    1
967    1
1125    1
1227    1
1548    1
1759    1
1941    1
2283    1
******** OPT_3 Processed 75879 Node Graph In 32.15261 sec *******

GPU OPT_4 HISTOGRAM
1    25648
2    1158
3    384
4    191
5    131
6    82
7    53
8    42
9    36
10    25
11    16
12    18
13    19
14    13
15    12
16    14
17    13
18    9
19    9
20    7
21    8
22    5
23    5
24    8
25    6
26    3
27    5
28    9
29    6
30    4
31    4
32    7
33    6
34    4
35    1
36    5
37    4
38    9
39    2
40    3
41    5
42    7
43    5
44    4
45    4
46    5
47    3
48    4
49    3
50    2
51    1
52    7
53    4
54    3
55    4
56    2
57    1
58    1
59    3
60    2
61    1
62    1
63    3
64    5
65    1
66    1
67    3
69    2
70    1
71    3
73    4
76    1
77    1
78    2
79    1
80    2
81    1
82    1
83    1
84    2
85    2
86    3
88    1
89    1
90    2
92    4
93    1
94    1
97    1
98    1
101    1
102    1
104    3
108    1
110    1
111    3
112    3
113    2
114    1
116    1
120    2
121    1
122    2
125    2
128    1
129    3
130    1
132    1
133    1
134    1
138    1
139    1
140    2
143    1
144    1
147    1
148    1
150    1
155    2
157    1
159    3
160    1
162    1
167    1
169    2
181    1
185    1
188    1
189    1
190    1
195    1
197    1
213    1
217    1
238    1
239    1
240    1
245    1
247    1
261    1
265    2
268    1
274    1
276    1
280    1
290    1
299    1
354    1
359    1
373    1
381    1
385    1
399    1
454    1
507    1
533    1
539    1
582    1
609    1
723    1
730    1
949    1
967    1
1125    1
1227    1
1548    1
1759    1
1941    1
2283    1
******** OPT_4 Processed 75879 Node Graph In 60.14810 sec *******
